CN 5
CNN 7
-0.106508	-0.184794	0.235599	
-0.0983041	-0.163905	0.189616	
-0.0930953	-0.148453	0.141261	
-0.0863601	-0.123269	0.0927394	
-0.0824881	-0.101846	0.059044	
-0.0771868	-0.0715884	0.0118136	
-0.0723417	-0.0432789	-0.0321604	
CNN 22
-0.453225	0.317531	-0.407927	
-0.446154	0.304277	-0.358969	
-0.434036	0.28847	-0.311958	
-0.415386	0.271885	-0.267082	
-0.388098	0.257176	-0.22655	
-0.351846	0.247199	-0.191348	
-0.304409	0.246094	-0.171688	
-0.251664	0.248577	-0.160882	
-0.199145	0.251512	-0.152102	
-0.144626	0.253545	-0.143657	
-0.0938346	0.250713	-0.136023	
-0.0640112	0.246873	-0.132624	
-0.0222938	0.242401	-0.130464	
0.0286828	0.238711	-0.129924	
0.0816847	0.235214	-0.130518	
0.132801	0.233554	-0.134504	
0.180798	0.238723	-0.151447	
0.219641	0.254521	-0.180847	
0.250255	0.279182	-0.213507	
0.270388	0.310303	-0.248847	
0.282091	0.34356	-0.285845	
0.287816	0.37712	-0.324387	
CNN 13
-0.36184	-0.476792	-0.0845793	
-0.329942	-0.452155	-0.0533125	
-0.307222	-0.409553	-0.0368789	
-0.296117	-0.359696	-0.0348316	
-0.291464	-0.309074	-0.040714	
-0.288301	-0.258651	-0.0493441	
-0.283412	-0.225517	-0.052574	
-0.273519	-0.183923	-0.0538529	
-0.245069	-0.142662	-0.0442888	
-0.210023	-0.106281	-0.0336585	
-0.171022	-0.0740251	-0.0271487	
-0.122566	-0.0566136	-0.0257717	
-0.0723417	-0.0432789	-0.0321604	
CNN 11
0.101161	-0.472753	-0.0488415	
0.0813533	-0.438858	-0.0158866	
0.073589	-0.389036	-0.00567616	
0.0733211	-0.338298	-0.0113121	
0.0752904	-0.288756	-0.0244523	
0.075998	-0.239501	-0.0388906	
0.0693838	-0.191286	-0.0470684	
0.0434406	-0.147363	-0.0462872	
0.00685574	-0.111967	-0.0419939	
-0.0320923	-0.0776384	-0.0372016	
-0.0723417	-0.0432789	-0.0321604	
CNN 6
-0.0723417	-0.0432789	-0.0321604	
-0.0706757	0.0147515	-0.0522524	
-0.0690097	0.0727819	-0.0723444	
-0.0673437	0.1308123	-0.0924364	
-0.0656777	0.1888427	-0.1125284	
-0.0640117	0.2468731	-0.1326204	 