CN 11
CNN 10
-0.497574	-0.451735	-0.833967	
-0.534211	-0.48217	-0.811096	
-0.553527	-0.515599	-0.777524	
-0.554267	-0.550474	-0.739158	
-0.542829	-0.588904	-0.706444	
-0.540255	-0.609235	-0.684876	
-0.544566	-0.627677	-0.659982	
-0.552021	-0.662337	-0.62283	
-0.552335	-0.700023	-0.587476	
-0.555442	-0.731815	-0.546121	
CNN 18
-0.497574	-0.451735	-0.833967	
-0.504613	-0.420142	-0.792589	
-0.514739	-0.383098	-0.758402	
-0.527095	-0.345367	-0.724228	
-0.539591	-0.306095	-0.69386	
-0.551095	-0.26447	-0.66461	
-0.562334	-0.223394	-0.634444	
-0.574418	-0.18601	-0.601516	
-0.58445	-0.153799	-0.562614	
-0.59076	-0.135905	-0.530723	
-0.597439	-0.119403	-0.482915	
-0.606994	-0.109768	-0.433731	
-0.612318	-0.100994	-0.383494	
-0.615305	-0.0927492	-0.332519	
-0.621951	-0.0993384	-0.281491	
-0.625764	-0.113625	-0.232386	
-0.625448	-0.148045	-0.193604	
-0.626099	-0.193043	-0.168544	
CNN 4
-0.48457	-0.456328	-0.948406	
-0.491288	-0.455022	-0.896749	
-0.493644	-0.454465	-0.875971	
-0.497574	-0.451735	-0.833967	
CNN 19
-0.561476	-0.688983	-0.127964
-0.562129333	-0.667934	-0.087518493
-0.562782667	-0.646885	-0.047072987
-0.563436	-0.625836	-0.00662748
-0.590716	-0.604338	0.0322233
-0.602205	-0.570199	0.0705866
-0.612752	-0.527473	0.0982251
-0.622318	-0.481012	0.118389
-0.630762	-0.431186	0.129394
-0.63923	-0.379671	0.128723
-0.645525	-0.33846	0.118289
-0.653784	-0.293189	0.0958104
-0.662881	-0.252941	0.0643345
-0.670064	-0.2205	0.0237729
-0.671253	-0.202186	-0.0247266
-0.659733	-0.204838	-0.0744617
-0.648521667	-0.200906333	-0.105822467
-0.637310333	-0.196974667	-0.137183233
-0.626099	-0.193043	-0.168544		
CNN 13
-0.856834	-0.555495	0.897544	
-0.81239	-0.581374	0.901517	
-0.763374	-0.607617	0.905158	
-0.716642	-0.629343	0.907571	
-0.665849	-0.646128	0.90802	
-0.613869	-0.65296	0.905049	
-0.564705	-0.639401	0.895556	
-0.535751	-0.610478	0.882953	
-0.524503	-0.569074	0.855347	
-0.541211	-0.543125	0.813711	
-0.566236	-0.526854	0.770596	
-0.593384	-0.514408	0.727783	
-0.622111	-0.50444	0.685057	
CNN 20
-0.561476	-0.688983	-0.127964	
-0.57083	-0.703544	-0.0793055	
-0.578765	-0.722786	-0.0322364	
-0.583047	-0.752085	0.0100002	
-0.586758	-0.779093	0.0531222	
-0.589871	-0.800718	0.099565	
-0.592076	-0.816496	0.148154	
-0.593522	-0.826398	0.198255	
-0.594211	-0.826452	0.249805	
-0.591333	-0.815441	0.300126	
-0.592511	-0.799559	0.344519	
-0.589059	-0.778369	0.39173	
-0.586994	-0.75672	0.438252	
-0.580531	-0.733125	0.483402	
-0.573444	-0.705318	0.525843	
-0.569729	-0.671736	0.56452	
-0.579343	-0.631528	0.595357	
-0.59277	-0.589521	0.625449	
-0.607487	-0.546251	0.655896	
-0.622111	-0.50444	0.685057	
CNN 20
-0.626099	-0.193043	-0.168544	
-0.640955	-0.150955	-0.141694	
-0.653636	-0.102063	-0.133227	
-0.666591	-0.0524852	-0.121383	
-0.679086	-0.00473068	-0.106722	
-0.691331	0.0438221	-0.0881025	
-0.701595	0.0886254	-0.065161	
-0.711439	0.131961	-0.034888	
-0.719997	0.168439	0.000215956	
-0.728304	0.201405	0.0434734	
-0.733115	0.218578	0.0718766	
-0.73785	0.233213	0.101617	
-0.744925	0.251912	0.15116	
-0.750716	0.264783	0.203384	
-0.753921	0.270998	0.255577	
-0.754949	0.27045	0.309435	
-0.754036	0.262624	0.360822	
-0.752731	0.250457	0.411566	
-0.749038	0.23146	0.460894	
-0.747972	0.208977	0.50723	
CNN 11
-0.555442	-0.731815	-0.546121	
-0.552887	-0.760314	-0.503141	
-0.532936	-0.783338	-0.456724	
-0.514756	-0.797967	-0.410374	
-0.518269	-0.80569	-0.359706	
-0.523942	-0.805663	-0.320781	
-0.529608	-0.801081	-0.280847	
-0.537325	-0.79111	-0.230129	
-0.545716	-0.774021	-0.182744	
-0.55276	-0.736154	-0.149315	
-0.561476	-0.688983	-0.127964	
CNN 4
-0.747972	0.208977	0.50723	
-0.748137	0.182667	0.554045	
-0.75149	0.168518	0.580725	
-0.761253	0.156146	0.611013	
CNN 16
-0.761253	0.156146	0.611013	
-0.75305	0.121365	0.647771	
-0.739331	0.0839622	0.680638	
-0.722766	0.0459921	0.710778	
-0.71255	-0.00124987	0.72905	
-0.701285	-0.0506051	0.735699	
-0.689331	-0.100484	0.738723	
-0.679041	-0.150463	0.739562	
-0.673246	-0.178122	0.739159	
-0.668088	-0.205844	0.738199	
-0.660557	-0.257044	0.734749	
-0.652798	-0.307291	0.729747	
-0.644533	-0.357667	0.723013	
-0.636192	-0.407558	0.714307	
-0.628456	-0.456932	0.702902	
-0.622111	-0.50444	0.685057	
CNN 11
-0.561476	-0.688983	-0.127964	
-0.572191	-0.638756	-0.124428	
-0.583692	-0.589444	-0.131619	
-0.588102	-0.539863	-0.144586	
-0.592033	-0.488676	-0.138426	
-0.598276	-0.43811	-0.135486	
-0.60573	-0.397776	-0.141224	
-0.618098	-0.347805	-0.157672	
-0.627165	-0.295865	-0.166444	
-0.627914	-0.243817	-0.16012	
-0.626099	-0.193043	-0.168544	