CN 7
CNN 10
-0.0902406	-0.303972	-0.25872
-0.0893662	-0.291474	-0.271359
-0.0897632	-0.240149	-0.271362
-0.0850636	-0.194916	-0.247295
-0.0774642	-0.171392	-0.234179
-0.0542458	-0.126856	-0.220065
-0.0272556	-0.0830739	-0.210518
-0.01	-0.0402124	-0.202218
0	0	-0.202218
0.000150311	0.0472876	-0.202218	
CNN 10
0.0973573	-0.350644	-0.258888
0.0906645	-0.298096	-0.272302
0.0895772	-0.246818	-0.273178
0.0844268	-0.200885	-0.251346
0.0780641	-0.1759	-0.236749
0.0543081	-0.12772	-0.220451
0.0275206	-0.0836253	-0.210745
0.01150311	-0.0402124	-0.210745
0.001503	0	-0.202218
0.000150311	0.0472876	-0.202218	
CNN 8
-0.09875	-0.329633	0.194539	
-0.101984	-0.278373	0.196179	
-0.0854815	-0.228961	0.190694	
-0.0670413	-0.180226	0.177726	
-0.0536296	-0.144665	0.167363	
-0.0377432	-0.102588	0.154797	
-0.019489	-0.0542965	0.140128	
-0.00186584	-0.00769812	0.125794	
CNN 10
-0.00155576	-0.212806	-0.479791
-0.00138556	-0.173495	-0.44628
-0.000907365	-0.129762	-0.419304
-0.000782721	-0.0839293	-0.396761
-0.000858162	-0.0465896	-0.376013
-0.000771861	-0.0265896	-0.347744
-0.000921861	0.0040144	-0.315744
-0.00103516	0.0174306	-0.296688
-0.000511699	0.0249824	-0.248764
0.000150311	0.0472876	-0.202218	
CNN 9
0.103955	-0.369848	0.198978	
0.102469	-0.318627	0.19498	
0.101257	-0.2676	0.199656	
0.101125	-0.216598	0.200402	
0.092914	-0.166015	0.197787	
0.075867	-0.131451	0.187197	
0.0511409	-0.0910333	0.168188	
0.0250379	-0.0497562	0.147422	
-0.00186584	-0.00769812	0.125794	
CNN 9
0.00255984	0.291528	0.33359	
0.00230758	0.246066	0.306671	
0.00181608	0.200911	0.281596	
0.00110317	0.155413	0.256383	
0.000609097	0.130539	0.24218	
8.06015e-005	0.10598	0.227902	
-0.000833538	0.0620439	0.200404	
-0.00141612	0.0218461	0.168745	
-0.00186584	-0.00769812	0.125794	
CNN 8
0.000150311	0.0472876	-0.202218
-5.01E-05	0.036102798	-0.154278
-0.000190751	0.024917996	-0.105951
-0.000452245	0.013733194	-0.0551854
-0.000895507	0.002548392	-0.0125176
-0.00137686	-0.00863641	0.0231852
-0.00195249	-0.0109086	0.0744934
-0.00186584	-0.00769812	0.125794	
