CN 11
CNN 8
-0.441265	-0.970141	-0.203175	
-0.442901	-0.918628	-0.20269	
-0.440084	-0.866551	-0.199693	
-0.438798	-0.815233	-0.194905	
-0.43808	-0.78963	-0.192723	
-0.436307	-0.759654	-0.190403	
-0.432513	-0.707274	-0.186908	
-0.441885	-0.656877	-0.174977	
CNN 23
-0.441885	-0.656877	-0.174977	
-0.404121	-0.622193	-0.181132	
-0.37749	-0.578066	-0.180124	
-0.36666	-0.528057	-0.175337	
-0.360603	-0.47715	-0.171944	
-0.355775	-0.426406	-0.169637	
-0.352059	-0.375288	-0.168859	
-0.34735	-0.323692	-0.165827	
-0.339049	-0.27849	-0.166771	
-0.327445	-0.227838	-0.172698	
-0.314279	-0.176116	-0.182166	
-0.299635	-0.125997	-0.197109	
-0.284735	-0.0786222	-0.211679	
-0.268974	-0.031138	-0.223336	
-0.250982	0.0202971	-0.232257	
-0.233374	0.0680626	-0.238343	
-0.297353429	0.118374086	-0.271413857
-0.361332857	0.168685571	-0.304484714
-0.425312286	0.218997057	-0.337555571
-0.489291714	0.269308543	-0.370626429
-0.553271143	0.319620029	-0.403697286
-0.617250571	0.369931514	-0.436768143
-0.68123	0.420243	-0.469839	
CNN 9
-0.441885	-0.656877	-0.174977	
-0.464298	-0.621695	-0.144618	
-0.4788	-0.579635	-0.118442	
-0.487786	-0.533721	-0.0959616	
-0.490062	-0.503472	-0.0832638	
-0.492795	-0.468978	-0.0699184	
-0.507566	-0.424277	-0.0496173	
-0.529864	-0.381361	-0.0314128	
-0.549836	-0.333444	-0.0200922	
CNN 15
-0.511854	-0.256583	0.031129	
-0.518882	-0.242504	0.0798738	
-0.527285	-0.223138	0.126727	
-0.538754	-0.190048	0.164609	
-0.54511	-0.148727	0.193976	
-0.54675	-0.110509	0.227763	
-0.554986	-0.0667425	0.253387	
-0.558384	-0.0385118	0.272491	
-0.562873	-0.00774456	0.299206	
-0.574432	0.0322446	0.328895	
-0.587337	0.0784119	0.348646	
-0.601056	0.129162	0.357773	
-0.614671	0.179555	0.361727	
-0.628628	0.231125	0.362176	
-0.642637	0.282947	0.359576	
CNN 21
-0.549836	-0.333444	-0.0200922	
-0.557007	-0.279271	-0.0203743	
-0.563382	-0.228452	-0.0200636	
-0.569204	-0.174935	-0.0184624	
-0.57241	-0.123418	-0.0131354	
-0.578858	-0.074322	0.000167653	
-0.587989	-0.0237399	0.00604037	
-0.597461	0.0263918	0.0107111	
-0.612007	0.0755347	0.0171479	
-0.625497	0.124729	0.0244436	
-0.633568	0.160735	0.0320397	
-0.639158	0.187487	0.0402109	
-0.646319	0.236776	0.0528637	
-0.638871	0.28779	0.0499074	
-0.622141	0.336082	0.0400393	
-0.597766	0.379266	0.024142	
-0.569589	0.418691	0.0051676	
-0.5394	0.455075	-0.0155177	
-0.506003	0.489869	-0.0387506	
-0.472329	0.521042	-0.0624178	
-0.435431	0.551899	-0.0885544	
CNN 17
-0.549836	-0.333444	-0.0200922	
-0.590743	-0.314883	0.00696012	
-0.631398	-0.295654	0.0328677	
-0.672116	-0.275001	0.0562922	
-0.712573	-0.249513	0.0765838	
-0.74046	-0.21039	0.0948725	
-0.764332	-0.169344	0.114026	
-0.785605	-0.125822	0.13045	
-0.804708	-0.0798372	0.144806	
-0.808937	-0.0423247	0.159831	
-0.802231	0.00197576	0.184811	
-0.787246	0.0406313	0.215036	
-0.764628	0.0715496	0.249414	
-0.729245	0.0884648	0.282556	
-0.679258	0.0939561	0.294052	
-0.629453	0.103955	0.286659	
-0.594096	0.140245	0.279909	
CNN 9
-0.682486	0.696577	-0.463616	
-0.726777	0.701043	-0.438024	
-0.772735	0.692285	-0.416645	
-0.782659	0.641318	-0.420969	
-0.778882	0.618437	-0.426181	
-0.754731	0.561701	-0.438835	
-0.730372	0.513456	-0.44943	
-0.706115	0.466971	-0.459616	
-0.68123	0.420243	-0.469839	
CNN 10
-0.607938	0.848287	-0.463098	
-0.598729	0.798014	-0.451085	
-0.593264	0.746424	-0.45323	
-0.595827	0.695864	-0.463379	
-0.604472	0.645416	-0.462459	
-0.613984	0.617202	-0.462954	
-0.62898	0.573083	-0.464291	
-0.64553	0.524572	-0.465951	
-0.662178	0.47588	-0.467722	
-0.68123	0.420243	-0.469839	
CNN 3
-0.549836	-0.333444	-0.0200922	
-0.535732	-0.296041	0.0121917	
-0.511854	-0.256583	0.031129	
CNN 12
-0.68123	0.420243	-0.469839	
-0.691067	0.378973	-0.498598	
-0.703894	0.340556	-0.530317	
-0.712491	0.300844	-0.563001	
-0.711478	0.257189	-0.593231	
-0.701285	0.213022	-0.617838	
-0.687314	0.181667	-0.631955	
-0.666924	0.142661	-0.659237	
-0.643356	0.105003	-0.685701	
-0.615407	0.0680157	-0.710559	
-0.586926	0.0380462	-0.742901	
-0.558129	0.0125695	-0.779409	
CNN 4
-0.511854	-0.256583	0.031129	
-0.4775	-0.216486	0.0325904	
-0.457073	-0.188446	0.0247259	
-0.444622	-0.166198	0.011092	