CN 4
CNN 7
-0.107517	-0.187272	0.239581	
-0.0995082	-0.1653	0.193623	
-0.09426	-0.149965	0.144974	
-0.0906548	-0.145009	0.13545	
-0.0865172	-0.114761	0.0672344	
-0.0848553	-0.0926676	0.020296	
-0.0831836	-0.0685922	-0.0306	
CNN 12
-0.361318	-0.476828	-0.083934	
-0.329193	-0.451914	-0.0525112	
-0.307155	-0.408081	-0.0371141	
-0.296067	-0.358264	-0.0350849	
-0.291527	-0.307589	-0.0411263	
-0.288357	-0.257166	-0.0497195	
-0.283259	-0.222021	-0.0531819	
-0.25887	-0.17869	-0.0523194	
-0.220344	-0.144021	-0.0476744	
-0.174989	-0.117774	-0.0420419	
-0.128108	-0.092275	-0.036203	
-0.0831836	-0.0685922	-0.0306	
CNN 22
-0.453531	0.318175	-0.41027	
-0.446605	0.304951	-0.361157	
-0.434512	0.289092	-0.31378	
-0.416241	0.272631	-0.269014	
-0.389329	0.257757	-0.228188	
-0.354432	0.247224	-0.192311	
-0.311903	0.241826	-0.163604	
-0.260576	0.241366	-0.150568	
-0.20745	0.24244	-0.143	
-0.153252	0.243492	-0.135956	
-0.102606	0.243082	-0.126206	
-0.0813654	0.241449	-0.124738	
-0.02566	0.237718	-0.124008	
0.0308396	0.234019	-0.124041	
0.0836258	0.23089	-0.12481	
0.135532	0.231702	-0.131291	
0.181945	0.239538	-0.152804	
0.220844	0.255395	-0.182022	
0.251073	0.280408	-0.214893	
0.271044	0.311734	-0.250456	
0.282563	0.345134	-0.287664	
0.28798	0.378574	-0.326131	
CNN 11
0.0994403	-0.470251	-0.0459793	
0.0799245	-0.435706	-0.0135455	
0.0734465	-0.385505	-0.00576087	
0.073458	-0.334659	-0.0121816	
0.0754467	-0.28537	-0.0256221	
0.0763261	-0.246978	-0.0372628	
0.0728186	-0.202488	-0.046029	
0.048261	-0.15756	-0.0452564	
0.00892363	-0.125086	-0.0411245	
-0.0365529	-0.0965645	-0.035955	
-0.0831836	-0.0685922	-0.0306	